308.756617998469 0.00218475558467585 333205492.608362 2289235.92233092 -82606.451672807 2425380.51983998
308.331791397423 0.00201661043510243 313111334.646558 2411314.50112378 -1869645.05236714 2417100.16117321
307.837209049986 0.00248915859451822 311794644.809166 2392483.89810927 1905764.64467187 2371522.83491934
307.332462664492 0.00228517377175361 310634404.308272 2440068.82473715 -1507018.24702857 2344221.71247229
306.844041466896 0.00202614297185848 308903230.368632 2509566.55622748 1763857.62807656 2157229.03779276
306.352982835308 0.00272907269050443 309044514.338587 2177089.9505615 -1748798.41328432 2390178.69893922
305.876016904689 0.00252106638649057 311969590.808398 2191502.79461443 -600608.212160662 2390389.49670769
305.417142074927 0.00278463907303724 310441436.221766 2383674.14388155 167077.293660902 2449148.2249561
304.964368115964 0.00197727781169966 310534571.347611 2324421.36450206 -668399.121793264 2381744.56643639
304.506037395836 0.00246118905570302 313114405.816569 2440039.39813079 -2285488.26976955 2333238.08460239
304.047662808258 0.00264958050357993 312129830.316642 2124876.8435746 903609.402047184 2364433.43864826
303.605065753121 0.00241625851265467 313231224.309201 2321183.5941549 213018.940627008 2291712.93427264
303.143923140462 0.00204028762002362 315480340.801337 2158666.80775462 -860883.31824372 2355006.66188416
302.685321781717 0.00233344238820385 315132997.359755 2229199.02954636 -1630669.06161267 2264033.665126
302.244899707027 0.00243134301244588 315408136.200597 2349641.632865 -1612282.08451384 2229730.73442653
301.794222300985 0.00207284293171118 315873397.001279 2336519.27675438 3495051.85918956 2294489.0607479
301.378122899253 0.00225893110727184 316698147.981065 2289569.63993007 -901072.922998783 2233764.56833772
300.961285298551 0.00227220488391753 315740492.307372 2333180.91132621 1796215.17807374 2130347.43003338
300.527354236729 0.00255115044204231 315205571.890317 2125477.5347565 661922.019423012 2288732.87842023
300.060507743383 0.00220840292703726 315105118.162486 2089669.39387652 -1304173.06181501 2216718.82113116
299.625179332732 0.00202430194439942 313734646.383446 2328442.87633927 -2188032.49056955 2269303.15492592
299.181523209135 0.00195075045790502 315804055.693858 2221120.20171764 -1664652.23146254 2280648.63533653
298.778360695586 0.00189579488515156 315014662.212863 2195199.31328037 1637220.26325274 2236349.99932377
298.319073137955 0.00191248664148593 315775757.472545 2155016.07730774 221672.463706 2152069.75919163
297.911233054038 0.00221861252011421 316065687.798064 2206022.4534751 -474263.327919481 2280468.71861588
297.474686143715 0.00205610038945156 318005001.161428 2417239.62113069 1140107.75211609 2294052.29373244
297.026351372731 0.00216776822842472 318512420.261477 2344339.51471884 131628.489813584 2263775.22335246
296.574666478313 0.00183040130196216 315182609.726616 2166460.98714741 -99531.3267114401 2257363.89302894
296.147034787309 0.00250979094008475 318119763.252923 2182601.87857851 2785637.9820195 2258002.67723377
295.695291159995 0.00226862709989526 317752223.536079 2340475.60140296 -957727.934302803 2182627.58637716
295.238453144197 0.00240451468993991 319084759.714465 2284880.22719797 -290070.218585012 2198744.78293834
294.772130101443 0.00221871539917235 314945477.191032 2424651.49951174 370927.140059204 2300061.46760683
294.337375202621 0.00226769543520065 320001804.788088 2215022.75679874 -968433.245801714 2349379.97017126
293.866606811861 0.00240962269334766 318832281.98233 2394261.8132659 -1965716.73686898 2330971.54492188
293.397024924274 0.00227474688497091 319192612.700818 2413104.39549487 -1671119.58420067 2373773.72283384
292.930996492759 0.00280011100889019 318005884.723828 2434706.64649083 2740133.34086331 2334105.26019278
292.48859493864 0.00243988335335495 318134933.697754 2241068.52713657 -2346851.28944551 2369968.54960719
292.017292868004 0.00234850788040307 320000257.763799 2156093.17008629 -1466038.86862407 2237622.06339498
291.527807647531 0.00209940081546605 319823443.235873 2335639.82190953 -2588298.9859416 2291448.46276082
291.099871720796 0.00184700361518208 333081389.232748 2283179.53720413 41811.9635598673 2335391.93733208
